1634211155211 67.82935872892054 0
1634211462919 59.179006343934596 2
1634211637788 54.394473122387396 3
1634211811975 53.37973629556051 4
1634211992503 52.022375990704795 5
1634212173801 51.472286456968725 6
1634212353089 50.438731937873655 7
1634212540181 49.73642165486405 8
1634212724660 49.4628140984512 9
1634212883690 48.79679342595542 10
1634213042533 48.185092856244346 11
1634213190756 48.11980233541349 12
1634213335210 47.922211949418234 13
1634213478913 47.37579178228611 14
1634213623850 47.53322301259855 15
1634213768999 46.83489324988388 16
1634213913139 47.05924985466934 17
1634214056956 46.39199419719417 18
1634214202759 46.69123263475372 19
1634214348530 46.193667016378264 20
