1634211155211 153.9135840733846 0
1634211462919 87.02719992350757 2
1634211637788 22.811296846808457 3
1634211811975 19.87102619419253 4
1634211992503 20.57727444656496 5
1634212173801 15.995278288678426 6
1634212353089 21.164695890938365 7
1634212540181 15.321203464415015 8
1634212724660 22.12628374642473 9
1634212883690 11.482281266189203 10
1634213042533 14.877865899869096 11
1634213190756 19.817068130989384 12
1634213335210 11.910456839615737 13
1634213478913 11.776695476314886 14
1634213623850 23.204905029234848 15
1634213768999 8.97136715369496 16
1634213913139 30.240487265393018 17
1634214056956 9.754947584819018 18
1634214202759 21.62947512835991 19
1634214348530 10.256592758302766 20
