1634211155211 168.90288996986118 0
1634211462919 105.51530059844386 2
1634211637788 30.260343880557308 3
1634211811975 31.422258153072626 4
1634211992503 26.197072771159597 5
1634212173801 21.724542998873655 6
1634212353089 29.222299615384685 7
1634212540181 20.994835259608955 8
1634212724660 30.57198139489521 9
1634212883690 16.81109712264806 10
1634213042533 19.798699703064912 11
1634213190756 25.073668364332686 12
1634213335210 16.02247620001462 13
1634213478913 15.376057897672121 14
1634213623850 33.63077863837691 15
1634213768999 11.807462758592106 16
1634213913139 37.05053699785888 17
1634214056956 13.829572512105967 18
1634214202759 27.61406932769632 19
1634214348530 13.085143736529673 20
